1258 1 0 897 174 7253 1 629 500 0 0 1 0
867 1 1 1774 101 2204 0 499 499 1 0 1 0
775 1 1 942 311 1504 1 540 500 1 0 1 0
1206 1 0 5140 355 730 2 980 693 2 2 0 0
675 1 0 300 599 424 2 700 640 1 0 1 0
700 1 1 400 300 600 2 100 500 0 1 1 0
906 0 0 4284 439 111 2 740 740 0 1 1 0
798 1 1 2071 49 307 0 849 904 1 2 0 2
799 0 1 5588 485 211 0 399 499 0 0 1 0
934 1 1 233 500 335 0 845 400 0 1 1 0
907 1 0 560 342 601 3 961 399 2 2 1 1
830 1 0 -1 473 631 3 22 0 0 2 1 1
709 1 1 686 483 672 1 465 475 1 2 1 0
698 1 0 3071 59 307 0 849 904 0 2 0 2
901 1 1 502 200 503 0 401 400 0 1 1 0
652 1 0 -100 478 779 0 356 371 -1 2 0 0
901 1 1 502 200 503 0 401 400 0 1 0 0
718 1 0 717 34 1153 2 429 326 0 0 1 1
718 1 0 717 34 1153 2 429 326 0 0 0 1